axtol= 1.000000e-008
atytol= 1.000000e-008
objtol= 1.000000e-008
pinftol= 1.000000e+008
dinftol= 1.000000e+008
maxiter= 100
minstepfrac= 9.000000e-001
maxstepfrac= 9.700000e-001
minstepp= 1.000000e-008
minstepd= 1.000000e-008
usexzgap= 1
tweakgap= 0
affine=0
printlevel= 0
printlevel=1
printlevel=0
